- sustainable = 1.0
- infinite = false
- cost_per_mj = 0.00785819209039548
- mj_per_kg = 17.7
- co2_conversion_per_mj = 2.86483699077522e-05
- typical_production_per_km2 = 16638000.0
- graphviz_color = green
- co2_exploration_per_mj = 0.0
- co2_extraction_per_mj = 0.001147042
- co2_treatment_per_mj = 0.0
- co2_transportation_per_mj = 0.00808119813549124
- co2_waste_treatment_per_mj = 0.0
